0.9382245537455914,
 0.05324680020786681,
 -0.1301237995349714,
 -0.4702118931443624,
 -0.3508294434550236,
 -0.3115136860430522,
 -0.10224216691446754,
 -0.045410132527632534,
 -0.008343150347190083,
 -0.026956138183485787,
 0.18984851648785034,
 0.11076108907472412,
 0.11946195339397439,
 0.1929105358584872,
 0.06850433114142913,
 0.27818079805880225,
 0.1744868173527549,
 0.2364266242498075,
 0.29569117313707777,
 0.24295497868420943,
 0.2697644642782661,
 0.4309701061684568,
 0.2685436470750368,
 0.3162541799774429,
 0.43543164298500653,
 0.36739341232855366,
 0.2726083161344506,
 0.38517344897648076,
 0.41686038156303595,
 0.5175394388442894,
 0.36589811067536193,
 0.4726557174240643,
 0.3700757690020046,
 0.4261146132605818,
 0.5441820375480741,
 0.41323041631225144,
 0.4376692622548567,
 0.5098292176383283,
 0.5097401882258227,
 0.45109025930177493,
 0.4719650915490006,
 0.5728264793331893,
 0.5276899411571476,
 0.5104945306929777,
 0.44588250773168114,
 0.5389504878658731,
 0.4918366059450046,
 0.5788514731135571,
 0.46990887783819213,
 0.532793711906053,
 0.5527341825500974,
 0.4663324408092589,
 0.5733592874317799,
 0.4010956333071556,
 0.5626507979940694,
 0.44224169887250886,
 0.5161941278514997,
 0.597400483227212,
 0.518365901701574,
 0.43532346464904415,
 0.4872077777454594,
 0.5129545285665201,
 0.48785467342174843,
 0.45398069036035044,
 0.5513154959200688,
 0.43941886304824984,
 0.3869819791530663,
 0.48969190223318226,
 0.5503420644914204,
 0.35723997062107304,
 0.5380274496339964,
 0.31795622422447745,
 0.552291328790334,
 0.3199499562945006,
 0.4365777262960965,
 0.39098367263685985,
 0.4567749100684557,
 0.3278388056271481,
 0.335975970616037,
 0.4409401458248777,
 0.3688155285451772,
 0.33312795578308824,
 0.443501191776035,
 0.2448850659442679,
 0.40111679664619687,
 0.22445149452618832,
 0.4252814316313784,
 0.28792856830470964,
 0.24138380982473773,
 0.24540910335644237,
 0.4122287294352954,
 0.2651629951729808,
 0.27493520323538556,
 0.3589302963875937,
 0.2148846153802467,
 0.3801340241652896,
 0.22546392591353856,
 0.2401415877184778,
 0.277344677408384,
 0.3498000284164863,
 0.2478158154155848,
 0.3159122971712418,
 0.21296339415294943,
 0.27139941462368333,
 0.32686166296590047,
 0.24911731506153098,
 0.31055723847645633,
 0.13510239988846598,
 0.3285560181258984,
 0.22319508361507137,
 0.24650429807743937,
 0.1966344778478708,
 0.24436508062875495,
 0.29875164623108674,
 0.22233255808505248,
 0.24205644010513458,
 0.2719905744043161,
 0.1622211561661284,
 0.1925528623023123,
 0.3375139950229874,
 0.13712204983545784,
 0.31220305489622197,
 0.2492922238372969,
 0.21912424312025872,
 0.11313898861408234,
 0.22642744416898153,
 0.23404364614694748,
 0.21203889334925785,
 0.2612351253980173,
 0.1714542443108446,
 0.21965576708316803,
 0.22877854811695386,
 0.17282888018262554,
 0.17946090809298013,
 0.17040873375141397,
 0.2703487517417602,
 0.1724211230768629,
 0.14310601676972406,
 0.18178928369339906,
 0.1560591866244685,
 0.15278120212397486,
 0.1593636956487624,
 0.1793488510093599,
 0.12328128221462357,
 0.20739740318671432,
 0.13030455243896763,
 0.23403849293706272,
 0.1712647555571682,
 0.12987412756554922,
 0.21316468835158167,
 0.09833381451525779,
 0.21256082357381875,
 0.1640821248292923,
 0.16919508579907552,
 0.1508056049779901,
 0.12459969668174689,
 0.14870126775624054,
 0.17777860319277025,
 0.07277176523897445,
 0.20490165195375118,
 0.16195886072544557,
 0.09970953753042333,
 0.11896065903722115,
 0.11341059273811725,
 0.13108511304236808,
 0.18120466650656933,
 0.1481455362595196,
 0.09968701504030318,
 0.16137639085217467,
 0.22375792215736406,
 0.04709212610252061,
 0.18451195442170468,
 0.07764796954843234,
 0.1386400970085612,
 0.14743962388415383,
 0.1455838908617086,
 0.10057348364366675,
 0.11786747017418439,
 0.19231097939652655,
 0.07143443800016956,
 0.1187836484069813,
 0.13930413712975834,
 0.04808683157459183,
 0.17571459404843034,
 0.08672324935290611,
 0.11009403957792048,
 0.11636404691369466,
 0.09898439589184972,
 0.13588603034193786,
 0.10645819782226715,
 0.11398660275593119,
 0.07813455818994146,
 0.12195077408456577,
 0.12832286841464494,
 0.06529632722080317,
 0.08052054824272417,
 0.11449949872100128,
 0.10633643231583091,
 0.09469751022615523,
 0.06855149176147468